# Created by Octave 8.2.0, Tue Apr 25 00:39:19 2023 EDT <bela@belas-alpine>
# name: dnote
# type: matrix
# rows: 1
# columns: 60
 2 1 1 1 1 3 3 2 1 1 1 1 5 1 1 1 1 1 1 2 1 3 2 1 1 1 1 1 1 1 1 1 1 2 1 1 1 1 3 2 1 2 1 1 1 1 4 1 1 3 3 1 1 1 1 1 1 3 3 5


# name: inote
# type: matrix
# rows: 1
# columns: 60
 1 13 10 8 5 8 3 1 13 10 8 5 8 10 9 10 5 6 8 10 6 3 10 10 10 12 13 15 12 3 8 5 3 1 13 10 8 5 8 3 3 1 3 5 6 8 10 10 12 13 13 13 12 10 8 7 8 10 12 13


# name: tnote
# type: matrix
# rows: 1
# columns: 60
 0 2 3 4 5 6 9 12 14 15 16 17 18 24 25 26 27 28 29 30 32 33 36 38 39 40 41 42 43 44 45 46 47 48 50 51 52 53 54 57 59 60 62 63 64 65 66 70 71 72 75 78 79 80 81 82 83 84 87 90


