%{
sound = [c c5 a g e g d
    c c5 a g e g %break
    a gs a e f g a f d
    a a a b c5 d5 b d g e d
    c c5 a g e g d d
    c d e f g a a b
    c5 c5 c5 b a g fs g a b c5 %break]

beat = [2 1 1 1 1 3 3
    2 1 1 1 1 5 1
    1 1 1 1 1 1 2 1 3
    2 1 1 1 1 1 1 1 1 1 1
    2 1 1 1 1 3 2 1
    2 1 1 1 1 4 1 1
    3 3 1 1 1 1 1 1
    3 3 5 1]
%}

%00, 01, 02, 03, 04, 05, 06, 07, 08, 09, 10, 11, 12, 13, 14
% c, c#,  d, d#,  e,  f, f#,  g, g#,  a, a#,  b,  c, c#,  d

inote = [ ... 
	1, 13, 10, 8, 5, 8, 3, ...
	1 13, 10, 8, 5, 8 ...
	10, 9 10, 5, 6, 8 10, 6, 3 ...
	10, 10, 10, 12, 13, 15, 12, 3, 8, 5, 3, ...
	1 13, 10, 8, 5, 8, 3, 3, ...
	1, 3, 5, 6, 8 10, 10, 12, ...
	13, 13, 13, 12, 10, 8, 7, 8 10, 12, 13]

dnote = [ ...
	2, 1, 1, 1, 1, 3, 3, ...
	2, 1, 1, 1, 1, 5, ...
	1, 1, 1, 1, 1, 1, 2, 1, 3, ...
	2, 1, 1, 1, 1, 1, 1, 1, 1, 1, 1, ...
	2, 1, 1, 1, 1, 3, 2, 1, ...
	2, 1, 1, 1, 1, 4, 1, 1, ...
	3, 3, 1, 1, 1, 1, 1, 1, 3, 3, 5]

tnote = [ ...
	0, 2, 3, 4, 5, 6, 9, ...
	12, 14, 15, 16, 17, 18, ...
	24, 25, 26, 27, 28, 29, 30, 32, 33, ...
	36, 38, 39, 40, 41, 42, 43, 44, 45, 46, 47, ...
	48, 50, 51, 52, 53, 54, 57, 59, ...
	60, 62, 63, 64, 65, 66, 70, 71, ...
	72, 75, 78, 79, 80, 81, 82, 83, 84, 87, 90]
